Ticker,Date,Price,Open,High,Low,ChangePercent
US10YR,2017-03-31,2.389,2.414,2.431,2.387,-0.0132
US10YR,2017-03-30,2.421,2.385,2.425,2.373,0.0172
US10YR,2017-03-29,2.38,2.425,2.427,2.378,-0.0165
US10YR,2017-03-28,2.42,2.382,2.421,2.357,0.0177
US10YR,2017-03-27,2.378,2.382,2.384,2.348,-0.0023
US10YR,2017-03-26,2.384,2.418,2.418,2.378,-0.0142
US10YR,2017-03-24,2.418,2.418,2.438,2.393,0
US10YR,2017-03-23,2.418,2.409,2.437,2.387,0.0062
US10YR,2017-03-22,2.403,2.414,2.425,2.375,-0.0054
US10YR,2017-03-21,2.416,2.466,2.499,2.416,-0.0191
US10YR,2017-03-20,2.463,2.508,2.513,2.463,-0.015
US10YR,2017-03-19,2.5,2.5,2.5,2.5,0
US10YR,2017-03-18,2.5,2.5,2.5,2.5,0
US10YR,2017-03-17,2.501,2.544,2.544,2.49,-0.0142
US10YR,2017-03-16,2.537,2.497,2.542,2.486,0.0148
US10YR,2017-03-15,2.5,2.598,2.6,2.495,-0.0392
US10YR,2017-03-14,2.602,2.62,2.629,2.588,-0.0091
US10YR,2017-03-13,2.626,2.584,2.628,2.558,0.0171
US10YR,2017-03-12,2.582,2.575,2.586,2.575,0.0026
US10YR,2017-03-10,2.575,2.613,2.624,2.575,-0.013
US10YR,2017-03-09,2.609,2.56,2.609,2.558,0.0191
US10YR,2017-03-08,2.56,2.52,2.583,2.507,0.0167
US10YR,2017-03-07,2.518,2.494,2.52,2.491,0.0096
US10YR,2017-03-06,2.494,2.474,2.507,2.457,0.0072
US10YR,2017-03-05,2.476,2.48,2.482,2.476,-0.0023
US10YR,2017-03-03,2.482,2.483,2.521,2.471,0
US10YR,2017-03-02,2.482,2.467,2.505,2.453,0.0098
US10YR,2017-03-01,2.458,2.415,2.471,2.397,0.0254
US10YR,2017-02-28,2.397,2.363,2.401,2.336,0.0127
US10YR,2017-02-27,2.367,2.324,2.37,2.317,0.0192
US10YR,2017-02-26,2.322,2.321,2.322,2.317,0.0032
US10YR,2017-02-24,2.315,2.377,2.384,2.31,-0.0257
US10YR,2017-02-23,2.376,2.417,2.42,2.372,-0.0161
US10YR,2017-02-22,2.415,2.438,2.454,2.391,-0.0066
US10YR,2017-02-21,2.431,2.436,2.461,2.413,-0.0021
US10YR,2017-02-20,2.436,2.42,2.438,2.42,0.0067
US10YR,2017-02-17,2.42,2.457,2.465,2.4,-0.011
US10YR,2017-02-16,2.447,2.499,2.499,2.438,-0.02
US10YR,2017-02-15,2.497,2.479,2.524,2.466,0.0101
US10YR,2017-02-14,2.472,2.436,2.502,2.427,0.0148
US10YR,2017-02-13,2.436,2.423,2.452,2.416,0.0045
US10YR,2017-02-12,2.425,2.409,2.429,2.409,0.0067
US10YR,2017-02-10,2.409,2.4,2.434,2.397,0.005
US10YR,2017-02-09,2.397,2.329,2.402,2.326,0.0244
US10YR,2017-02-08,2.34,2.397,2.402,2.325,-0.0238
US10YR,2017-02-07,2.397,2.409,2.441,2.367,-0.0083
US10YR,2017-02-06,2.417,2.472,2.472,2.406,-0.0223
US10YR,2017-02-05,2.472,2.467,2.478,2.467,0.0021
US10YR,2017-02-03,2.467,2.477,2.506,2.428,-0.0028
US10YR,2017-02-02,2.474,2.477,2.481,2.433,-0.0012
US10YR,2017-02-01,2.477,2.461,2.518,2.459,0.0045
US10YR,2017-01-31,2.466,2.484,2.499,2.433,-0.0096
US10YR,2017-01-30,2.49,2.479,2.499,2.462,0.0045
US10YR,2017-01-29,2.479,2.486,2.486,2.473,-0.0029
US10YR,2017-01-27,2.486,2.51,2.531,2.481,-0.0104
US10YR,2017-01-26,2.512,2.51,2.555,2.5,-0.0012
US10YR,2017-01-25,2.515,2.458,2.538,2.449,0.0203
US10YR,2017-01-24,2.465,2.406,2.473,2.388,0.0267
US10YR,2017-01-23,2.401,2.441,2.476,2.381,-0.0157
US10YR,2017-01-22,2.439,2.467,2.467,2.439,-0.0113
US10YR,2017-01-20,2.467,2.474,2.513,2.45,-0.0012
US10YR,2017-01-19,2.47,2.428,2.496,2.413,0.0173
US10YR,2017-01-18,2.428,2.333,2.433,2.329,0.0443
US10YR,2017-01-17,2.325,2.376,2.376,2.305,-0.0223
US10YR,2017-01-16,2.378,2.398,2.398,2.374,-0.0083
US10YR,2017-01-13,2.398,2.363,2.431,2.334,0.0157
US10YR,2017-01-12,2.361,2.361,2.365,2.307,-0.0038
US10YR,2017-01-11,2.37,2.381,2.398,2.329,-0.0029
US10YR,2017-01-10,2.377,2.37,2.394,2.361,0.0038
US10YR,2017-01-09,2.368,2.443,2.443,2.363,-0.022
US10YR,2017-01-08,2.421,2.421,2.421,2.421,0
US10YR,2017-01-06,2.421,2.35,2.425,2.334,0.0311
US10YR,2017-01-05,2.348,2.435,2.452,2.344,-0.0381
US10YR,2017-01-04,2.441,2.454,2.478,2.432,-0.0029
US10YR,2017-01-03,2.448,2.439,2.518,2.437,0.0007
US5YR,2017-03-31,1.925,1.957,1.972,1.923,-0.0209
US5YR,2017-03-30,1.966,1.934,1.972,1.923,0.0197
US5YR,2017-03-29,1.928,1.979,1.98,1.928,-0.0188
US5YR,2017-03-28,1.965,1.918,1.967,1.9,0.0245
US5YR,2017-03-27,1.918,1.915,1.92,1.883,0.0016
US5YR,2017-03-26,1.915,1.952,1.952,1.907,-0.019
US5YR,2017-03-24,1.952,1.953,1.972,1.922,0
US5YR,2017-03-23,1.952,1.943,1.97,1.918,0.0072
US5YR,2017-03-22,1.938,1.943,1.958,1.908,-0.0036
US5YR,2017-03-21,1.945,1.988,2.023,1.941,-0.0211
US5YR,2017-03-20,1.987,2.027,2.028,1.985,-0.0163
US5YR,2017-03-19,2.02,2.02,2.02,2.02,0
US5YR,2017-03-18,2.02,2.02,2.02,2.02,0
US5YR,2017-03-17,2.02,2.053,2.053,2.002,-0.0122
US5YR,2017-03-16,2.045,2.005,2.052,1.996,0.0194
US5YR,2017-03-15,2.006,2.127,2.13,2.005,-0.0582
US5YR,2017-03-14,2.13,2.135,2.147,2.11,-0.0042
US5YR,2017-03-13,2.139,2.112,2.142,2.078,0.0138
US5YR,2017-03-12,2.11,2.108,2.112,2.106,0.0056
US5YR,2017-03-10,2.098,2.138,2.148,2.093,-0.0187
US5YR,2017-03-09,2.138,2.093,2.14,2.084,0.0225
US5YR,2017-03-08,2.091,2.054,2.113,2.039,0.0195
US5YR,2017-03-07,2.051,2.014,2.053,2.011,0.0169
US5YR,2017-03-06,2.017,2.006,2.027,1.986,0.0048
US5YR,2017-03-05,2.007,2.011,2.012,2.006,-0.0023
US5YR,2017-03-03,2.012,2.02,2.061,2.009,-0.0035
US5YR,2017-03-02,2.019,2.009,2.049,1.982,0.0136
US5YR,2017-03-01,1.992,1.959,2.006,1.946,0.0279
US5YR,2017-02-28,1.938,1.865,1.949,1.845,0.038
US5YR,2017-02-27,1.867,1.816,1.873,1.809,0.029
US5YR,2017-02-26,1.814,1.813,1.816,1.811,0.0046
US5YR,2017-02-24,1.806,1.867,1.868,1.799,-0.0301
US5YR,2017-02-23,1.862,1.91,1.914,1.86,-0.0236
US5YR,2017-02-22,1.907,1.928,1.957,1.888,-0.0073
US5YR,2017-02-21,1.921,1.921,1.952,1.905,0
US5YR,2017-02-20,1.921,1.905,1.923,1.905,0.0087
US5YR,2017-02-17,1.905,1.953,1.956,1.89,-0.016
US5YR,2017-02-16,1.936,1.998,1.998,1.93,-0.0296
US5YR,2017-02-15,1.995,1.97,2.02,1.958,0.0148
US5YR,2017-02-14,1.966,1.915,1.99,1.906,0.0266
US5YR,2017-02-13,1.915,1.9,1.928,1.895,0.008
US5YR,2017-02-12,1.9,1.887,1.906,1.887,0.0068
US5YR,2017-02-10,1.887,1.877,1.901,1.87,0.0102
US5YR,2017-02-09,1.868,1.804,1.875,1.802,0.0355
US5YR,2017-02-08,1.804,1.849,1.857,1.794,-0.0249
US5YR,2017-02-07,1.85,1.847,1.877,1.817,-0.0016
US5YR,2017-02-06,1.853,1.915,1.916,1.844,-0.0313
US5YR,2017-02-05,1.913,1.911,1.921,1.911,0.001
US5YR,2017-02-03,1.911,1.928,1.968,1.868,-0.0073
US5YR,2017-02-02,1.925,1.933,1.934,1.888,-0.0047
US5YR,2017-02-01,1.934,1.921,1.984,1.916,0.0068
US5YR,2017-01-31,1.921,1.944,1.952,1.89,-0.0154
US5YR,2017-01-30,1.951,1.939,1.956,1.918,0.0069
US5YR,2017-01-29,1.938,1.947,1.947,1.934,-0.0053
US5YR,2017-01-27,1.948,1.966,1.987,1.941,-0.0117
US5YR,2017-01-26,1.971,1.977,2.017,1.957,-0.0035
US5YR,2017-01-25,1.978,1.926,1.995,1.918,0.0222
US5YR,2017-01-24,1.935,1.872,1.938,1.858,0.0364
US5YR,2017-01-23,1.867,1.912,1.945,1.849,-0.0233
US5YR,2017-01-22,1.912,1.913,1.913,1.908,-0.0131
US5YR,2017-01-20,1.937,1.967,1.997,1.93,-0.0117
US5YR,2017-01-19,1.96,1.935,1.988,1.923,0.0145
US5YR,2017-01-18,1.932,1.831,1.942,1.826,0.0598
US5YR,2017-01-17,1.823,1.874,1.877,1.804,-0.028
US5YR,2017-01-16,1.875,1.899,1.899,1.874,-0.0124
US5YR,2017-01-13,1.899,1.866,1.935,1.829,0.0188
US5YR,2017-01-12,1.864,1.872,1.872,1.815,-0.009
US5YR,2017-01-11,1.881,1.881,1.902,1.828,0.0011
US5YR,2017-01-10,1.879,1.878,1.897,1.864,0.0005
US5YR,2017-01-09,1.878,1.949,1.949,1.873,-0.0247
US5YR,2017-01-08,1.926,1.926,1.926,1.926,0.0003
US5YR,2017-01-06,1.925,1.848,1.932,1.827,0.0434
US5YR,2017-01-05,1.845,1.931,1.947,1.837,-0.045
US5YR,2017-01-04,1.932,1.949,1.977,1.922,-0.0051
US5YR,2017-01-03,1.942,1.922,2.003,1.922,0.0041
US6MO,2017-03-31,0.904,0.901,0.914,0.901,-0.0022
US6MO,2017-03-30,0.906,0.906,0.924,0.904,-0.0066
US6MO,2017-03-29,0.912,0.917,0.937,0.912,-0.013
US6MO,2017-03-28,0.924,0.912,0.932,0.912,0.0109
US6MO,2017-03-27,0.914,0.896,0.914,0.886,0.0228
US6MO,2017-03-26,0.894,0.896,0.896,0.894,0.0063
US6MO,2017-03-24,0.888,0.886,0.896,0.886,-0.0067
US6MO,2017-03-23,0.894,0.891,0.899,0.891,0.0034
US6MO,2017-03-22,0.891,0.896,0.899,0.891,-0.0166
US6MO,2017-03-21,0.906,0.906,0.914,0.899,0.0402
US6MO,2017-03-20,0.871,0.878,0.881,0.863,0.0065
US6MO,2017-03-19,0.865,0.865,0.865,0.865,0
US6MO,2017-03-18,0.865,0.865,0.865,0.865,0
US6MO,2017-03-17,0.865,0.865,0.886,0.865,-0.0126
US6MO,2017-03-16,0.876,0.871,0.937,0.871,-0.0146
US6MO,2017-03-15,0.889,0.932,0.932,0.878,-0.0461
US6MO,2017-03-14,0.932,0.927,0.942,0.927,0.0087
US6MO,2017-03-13,0.924,0.876,0.927,0.876,0.037
US6MO,2017-03-12,0.891,0.891,0.891,0.891,0
US6MO,2017-03-10,0.891,0.876,0.896,0.876,0.0091
US6MO,2017-03-09,0.883,0.855,0.888,0.855,0.0173
US6MO,2017-03-08,0.868,0.853,0.878,0.848,0.0152
US6MO,2017-03-07,0.855,0.84,0.865,0.84,0.0154
US6MO,2017-03-06,0.842,0.819,0.85,0.819,0.0148
US6MO,2017-03-05,0.83,0.835,0.835,0.83,-0.0028
US6MO,2017-03-03,0.832,0.832,0.85,0.814,0
US6MO,2017-03-02,0.832,0.832,0.863,0.804,0.0585
US6MO,2017-03-01,0.786,0.766,0.804,0.74,0.1197
US6MO,2017-02-28,0.702,0.689,0.791,0.682,0.0263
US6MO,2017-02-27,0.684,0.666,0.687,0.659,0.0425
US6MO,2017-02-26,0.656,0.659,0.659,0.656,0.0047
US6MO,2017-02-24,0.653,0.651,0.661,0.605,-0.0166
US6MO,2017-02-23,0.664,0.669,0.687,0.659,-0.0148
US6MO,2017-02-22,0.674,0.689,0.7,0.671,0.0075
US6MO,2017-02-21,0.669,0.664,0.676,0.651,0.0119
US6MO,2017-02-20,0.661,0.664,0.664,0.661,-0.0044
US6MO,2017-02-17,0.664,0.646,0.669,0.646,0.0076
US6MO,2017-02-16,0.659,0.661,0.648,0.654,-0.0149
US6MO,2017-02-15,0.669,0.664,0.674,0.661,0.0075
US6MO,2017-02-14,0.664,0.661,0.674,0.651,0.0279
US6MO,2017-02-13,0.646,0.633,0.656,0.633,0.0042
US6MO,2017-02-12,0.643,0.646,0.646,0.643,0
US6MO,2017-02-10,0.643,0.633,0.648,0.631,0.011
US6MO,2017-02-09,0.636,0.62,0.641,0.62,0.0176
US6MO,2017-02-08,0.625,0.626,0.664,0.62,-0.0095
US6MO,2017-02-07,0.631,0.62,0.669,0.62,0.0096
US6MO,2017-02-06,0.625,0.636,0.646,0.623,-0.0167
US6MO,2017-02-05,0.636,0.636,0.636,0.636,0.0041
US6MO,2017-02-03,0.633,0.638,0.666,0.628,-0.0078
US6MO,2017-02-02,0.638,0.656,0.699,0.628,-0.02
US6MO,2017-02-01,0.651,0.641,0.72,0.631,0.0156
US6MO,2017-01-31,0.641,0.625,0.685,0.636,0.0158
US6MO,2017-01-30,0.631,0.623,0.643,0.62,0.0172
US6MO,2017-01-29,0.62,0.628,0.628,0.62,-0.0123
US6MO,2017-01-27,0.628,0.61,0.633,0.61,0.0211
US6MO,2017-01-26,0.615,0.608,0.687,0.605,0.0082
US6MO,2017-01-25,0.61,0.613,0.71,0.605,-0.0049
US6MO,2017-01-24,0.613,0.608,0.623,0.605,0.0082
US6MO,2017-01-23,0.608,0.61,0.631,0.608,-0.0117
US6MO,2017-01-22,0.615,0.615,0.618,0.615,-0.0045
US6MO,2017-01-20,0.618,0.615,0.633,0.613,-0.008
US6MO,2017-01-19,0.623,0.615,0.628,0.615,0.0081
US6MO,2017-01-18,0.618,0.615,0.628,0.615,0.0164
US6MO,2017-01-17,0.608,0.608,0.615,0.592,-0.0034
US6MO,2017-01-16,0.61,0.613,0.613,0.61,0.0035
US6MO,2017-01-13,0.608,0.59,0.613,0.59,0.0218
US6MO,2017-01-12,0.595,0.597,0.608,0.59,-0.0083
US6MO,2017-01-11,0.6,0.603,0.608,0.595,-0.005
US6MO,2017-01-10,0.603,0.603,0.659,0.6,0.0397
US6MO,2017-01-09,0.58,0.613,0.613,0.58,-0.0493
US6MO,2017-01-08,0.61,0.61,0.61,0.61,0
US6MO,2017-01-06,0.61,0.613,0.715,0.608,-0.0129
US6MO,2017-01-05,0.618,0.628,0.819,0.615,-0.0283
US6MO,2017-01-04,0.636,0.638,0.735,0.628,0.0209
US6MO,2017-01-03,0.623,0.641,0.641,0.62,0